912108328014,
912107276030,
922117184001,
932121103031,
932120476035,
912107426015,
932122402012,
932117383010,
932120281011,
922117261010,
912108153035,
932117451011,
932117451010,
932120401019,
912105477019,
932120281005,
912103101004,
912108504003,
922116128024,
932121181006,
932121178005,
912107279022,
912115355028,
912108459007,
922116104027,
932121182005,
932120476008,
922117130016,
922117233003,
912108305003,
932122304010,
932120477004,
912107204001,
932121306011,
932120451035,
932120432007,
932117451007,
932121307002,
932121356007,
932121355004,
922117157001,
912108504003,
922117102024,
922116382024,
922116380001,
932120226001,
932121201014,
932121181011,
932117357022,
922117135014,
922117234004,
922116477006,
922116327005
